v2.0 raw
00000005
00000007
abcd1234
00000000
00000001
00000000
7fffffff
00000001
00000002
00000007
0000000b
00000005
0000000d
00000001
00000005
00000003
00000001
00000002
00000008
00000006
00000039
00000005
00000017
0000000b
00000001
00000003
00000003
00000009
00000002
00000003
0000000b
00000001
00000004
00000003
00000001
00000002
0000000c
00000003
00000001
00000003
0000000d
00000002
00000003
0000000b
00000001
00000006
00000003
0000000b
00000001
00000002
0000000e
0000000c
00000002
00000002
0000000b
00000005
0000000d
00000001
00000003
00000007
00000000