v2.0 raw
00000005
0000000b
000000a9
0000002b
00000000
00000000
00000000
00000000
00000000
000000af
000000d1
00000001
00000002
00000003
00000001
00000003
00000009
00000007
00000002
00000004
00000001
00000003
00000003
00000001
00000002
00000008
00000007
00000002
00000005
00000001
00000002
0000000c
00000007
00000002
00000006
00000001
00000002
0000000d
00000007
00000002
00000007
00000001
00000002
00000003
0000000e
00000007
00000002
00000008
00000001
00000009
0000000a
00000007
00000002
00000009
00000004
0000000b
00000001
0000000a
0000000f
00000007
00000002
0000000a
00000000